2503213
2503218
2503702
2503706
2503707
2503708
2503709
2503711
2503712
2503713
2503714
2503715
2503716
2503717
2503718
2503719
2503721
2503723
2503724
2503725
2503727
2503728
2503729
2503733
2503737
2503740
2503741
2503743
2503744
2503748
2503749
2503750
2503751
2503753
2503755
2503757
2503759
2503761
2503762
2503766
2503767
2503952
2503953
2503956
2504006
2504089
2504105
2504145
2504149
2504152
2504184
2504191
2504200
2504202
2504207
2504208
2504215
2504216
2504220
2504223
2504225
2504226
2504227
2504229
2504263
2504266
2504267
2504269
2504311
2504319
2504326
2504327
2504328
2504332
2504336
2504337
2504339
2504342
2504343
2504351
2504418
2504609
2504615
2504744
2504814
2504906
2504912
2504921
2504924
2504926
2504928
2504957
2504962
2504963
2504973
2504990
2504999
2505023
2505805
2507212
2507226
2507271
2507507
2507543
2507557
2507577
2507601
2507614
2507731
2507905
2507913
2507920
2507927
2507929
2600028
2608501
2608502
2608503
2608505
3302132
3302609
4506948
5103429
5303185
5601661
6005428
6005430
6005431
6005434
6005436
6005440
6005455
6300136
6300157
6301003
6301004
6301012
6301016
6301028
6301033
6301034
6301039
6301051
6301055
6301058
6301060
6301064
6301069
6301070
6301072
6301075
6301077
6301082
6301089
6301092
6301101
6301109
6301139
6301152
6301170
6301172
6301173
6301205
6301210
6301225
6301229
6301258
6301259
6301309
6301354
6301362
6301370
6301371
6301375
6301387
6301391
6301401
6301409
6301425
6301426
6301439
6301440
6301441
6301442
6301443
6301444
6301445
6301446
6301447
6301448
6301449
6301450
6301451
6301452
6301453
6301454
6301455
6301456
6301457
6301458
6301459
6301460
6301461
6301462
6301481
6301482
6301483
6301484
6301485
6301486
6301487
6301489
6301490
6301491
6301492
6301493
6301494
6301495
6301496
6301497
6301498
6301499
6301504
6301600
6301604
6301605
6301606
6301607
6301608
6301609
6301610
6301656
6301667
6301668
6301669
6301673
6301674
6301725
6301728
6301729
6301731
6301733
6301736
6301739
6301740
6301741
6301742
6301743
6301744
6301746
6301747
6301748
6301749
6301750
6301753
6301754
6301755
6301756
6301757
6301759
6301761
6301763
6301764
6301765
6301767
6301769
6301770
6301774
6301775
6301776
6301778
6301779
6301780
6301781
6301783
6301784
6301787
6301788
6301789
6301791
6301795
6301796
6301797
6301801
6301802
6301803
6301804
6301805
6301806
6301807
6301808
6301809
6301811
6301812
6301813
6301816
6301825
6301844
6301845
6301893
6301894
6301898
6301928
6301946
6301962
6301965
6301966
6301971
6301977
6301980
6301983
6301988
6301989
6301999
6302070
6302079
6302094
6302102
6302103
6302105
6302113
6302114
6302133
6302222
6302258
6302272
6302273
6302274
6302322
6302330
6302335
6302422
6302482
6302483
6302484
6302485
6302486
6302487
6302489
6302491
6302492
6302493
6302496
6302497
6302498
6302518
6302519
6302548
6302549
6302599
6302631
6302673
6302676
6302677
6302696
6302697
6302704
6302705
6302706
6302882
6303031
6303570
6303624
6303702
6303705
6303708
6303721
6303727
6304134
6304368
6304374
6304639
6304684
6304850
6305018
6305019
6305020
6305021
6305022
6305023
6305024
6305025
6305026
6305027
6305028
6305029
6305030
6305031
6305032
6305033
6305039
6305040
6305056
6305076
6305078
6305085
6305090
6305110
6305115
6305116
6305122
6305124
6305130
6305134
6305139
6305140
6305142
6305143
6305145
6305146
6305147
6305153
6305156
6305158
6305162
6305165
6305169
6305170
6305175
6305215
6305249
6305252
6305253
6305254
6305255
6305256
6305257
6305258
6305259
6305261
6305262
6305263
6305265
6305266
6305267
6305268
6305269
6305275
6305276
6305277
6305278
6305285
6305286
6305287
6305288
6305289
6305290
6305291
6305297
6305316
6305412
6305502
6305517
6305519
6305520
6305521
6305549
6305555
6305562
6305585
6305737
6305769
6306001
6306009
6306056
6306057
6306058
6306059
6306087
6306096
6306111
6306120
6306125
6306150
6306163
6306190
6306233
6306304
6306305
6306306
6306333
6306396
6306491
6306492
6306510
6306547
6306608
6306619
6306623
6306696
6306713
6306941
6307077
6307776
6307843
6309107
6600086
6600093
6601028
6601033
6601054
6601057
6601189
6601201
6601204
6601206
6601208
6601213
6601230
6601231
6601232
6601233
6601234
6601235
6601236
6601240
6601241
6601242
6601243
6601244
6601245
6601248
6601249
6601250
6601251
6601252
6601254
6601255
6601257
6601259
6601260
6601261
6601262
6601263
6601265
6601269
6601273
6601274
6601275
6601276
6601277
6601278
6601280
6601281
6601282
6601283
6601284
6601285
6601287
6601288
6601330
6601331
6601333
6601334
6601336
6601337
6601338
6601340
6601341
6601342
6601346
6601347
6601349
6601360
6601366
6601390
6601410
6601412
6601413
6601420
6601421
6601422
6601426
6601427
6601430
6601431
6601432
6601439
6601440
6601441
6601442
6601445
6601446
6601447
6601448
6601449
6601450
6601451
6601502
6601559
6601572
6601652
6601653
6601655
6601662
6601664
6601665
6601792
6601820
6601861
6601862
6601863
6601864
6601865
6601867
6601869
6601871
6601873
6601874
6601875
6601877
6601925
6601961
6602003
6602004
6602005
6602011
6602012
6602027
6602028
6602031
6602032
6602034
6602036
6602037
6602038
6602039
6602040
6602041
6602044
6602046
6602048
6602061
6602065
6602073
6602074
6602092
6602093
6602095
6602100
6602105
6602125
6602151
6602204
6602205
6602206
6602207
6602209
6602210
6602211
6602212
6602213
6602214
6602215
6602219
6602220
6602221
6602222
6602223
6602224
6602225
6602226
6602227
6602228
6602231
6602232
6602234
6602235
6602236
6602237
6602238
6602239
6602246
6602255
6602257
6602262
6602312
6602320
6602343
6602355
6602367
6602405
6602406
6602407
6602471
6602694
6602808
6602816
6603127
6603143
6603144
6603145
6603210
6603222
6603251
6603252
6603256
6603257
6603312
6603317
6603320
6603322
6603327
6603329
6603336
6603345
6603346
6603409
6603416
6603484
6603485
6603488
6603491
6603501
6603502
6603503
6603505
6603506
6603507
6603512
6603513
6603514
6603515
6603516
6603518
6603519
6603520
6603522
6603523
6603524
6603526
6603529
6603530
6603531
6603533
6603534
6603536
6603537
6603540
6603542
6603544
6603546
6603549
6603551
6603552
6603560
6603561
6603562
6603563
6603564
6603566
6603574
6603575
6603576
6603577
6603579
6603580
6603581
6603582
6603583
6603585
6603587
6603591
6603594
6603595
6603599
6603600
6603605
6603607
6603608
6603610
6603611
6603612
6603613
6603619
6603620
6603621
6603624
6603629
6603630
6603632
6603635
6603641
6603643
6603644
6603649
6603650
6603651
6603652
6603653
6603654
6603661
6603662
6603675
6603678
6603683
6603684
6603690
6603692
6603694
6603695
6603696
6603699
6603703
6603704
6603707
6603708
6603711
6603713
6603714
6603717
6603724
6603726
6603727
6603730
6603731
6603732
6603733
6603734
6603742
6603743
6603744
6603748
6603749
6603750
6603751
6603752
6603753
6603755
6603756
6603766
6603767
6603768
6603770
6603771
6603773
6603774
6603809
6603822
6603824
6603825
6603828
6603831
6603832
6603846
6603847
6603859
6603869
6604014
6604093
6604104
6604282
6604340
6604341
6604342
6604343
6604344
6604345
6604346
6604347
6604348
6604349
6604351
6604609
6604611
6604612
6604614
6604618
6604619
6604625
6604627
6604638
6604677
6604691
6604707
6604708
6604716
6604729
6604730
6604733
6604742
6604743
6604745
6604751
6604753
6604760
6604765
6604769
6604770
6604776
6604777
6604779
6604780
6604784
6604804
6604808
6604814
6604816
6604819
6604821
6604867
6604875
6604876
6604877
6604907
6604909
6604910
6604914
6604931
6605017
6605018
6605020
6605021
6605022
6605023
6605026
6605027
6605028
6605030
6605033
6605035
6605038
6605040
6605042
6605043
6605044
6605046
6605047
6605048
6605049
6605050
6605052
6605053
6605055
6605056
6605057
6605058
6605059
6605060
6605061
6605062
6605063
6605064
6605108
6605241
6605242
6605271
6605273
6605274
6605281
6605325
6605415
6605565
6605598
6606001
6606064
6606065
6606067
6606070
6606075
6606230
6606238
6606254
6606532
6606538
6606543
6606712
6606831
6607764
6609100
6609103
6609120
6609121
6609124
6609141
7504001
7504002
7504003
7504004
7504005
7504006
7504007
7504008
7504009
7504010
7504011
7504012
7504013
7504014
7504015
7504016
7504017
7504018
7504019
7504020
7504021
7504022
7504023
7504024
7504025
7504026
7504027
7504028
7504029
7504030
7504031
7504032
7504033
7504034
7504035
7504036
7504037
7504038
7504039
7504040
7504041
7504042
7504043
7504044
7504045
7504046
7504047
7504048
7504049
7504050
7504051
7504052
7504053
7504054
7504055
7504056
7504057
7504058
7504059
7504060
7504061
7504062
7504063
7504064
7504065
7504066
7504067
7504068
7504069
7504070
7504071
7504072
7504073
7504074
7504075
7504076
7504077
7504078
7504079
7504080
7504081
7504082
7504083
7504084
7504085
7504086
7504087
7504088
7504089
7504090
7504091
7504092
7504093
7504094
7504095
7504096
7504097
7504098
7504099
7504100
7504101
7504102
7504103
7504104
7504105
7504106
7504107
7504108
7504109
7504110
7504111
7504112
7504113
7504114
7504115
7504116
7504117
7504118
7504119
7504120
7504121
7504122
7504123
7504124
7504125
7504126
7504127
7504128
7504129
7504130
7504131
7504132
7504133
7504134
7504135
7504136
7504137
7504138
7504139
7504140
7504141
7504142
7504143
7504144
7504145
7504146
7504147
7504148
7504149
7504150
7504151
7504152
7504153
7504154
7504155
7504156
7504157
7504158
7504159
7504160
7504161
7504162
7504163
7504164
7504165
7504166
7504167
7504168
7504169
7504170
7504171
7504172
7504173
7504174
7504175
7504176
7504177
7504178
7504179
7504180
7504181
7504182
7504183
7504184
7504185
7504186
7504187
7504188
7504189
7504190
7504191
7504192
7504193
7504194
7504195
7504196
7504197
7504198
7504199
7504200
7504201
7504202
7504203
7504204
7504205
7504206
7504207
7504208
7504209
7504210
7504211
7504212
7504213
7504214
7504215
7504216
7504217
7504218
7504219
7504220
7504221
7504222
7504223
7504224
7504225
7504226
7504227
7504228
7504229
7504230
7504231
7504232
7504233
7504234
7504235
7504236
7504237
7504238
7504239
7504240
7504241
7504242
7504243
7504244
7504245
7504246
7504247
7504248
7504249
7504250
7504251
7504252
7504253
7504254
7504255
7504256
7504257
7504258
7504259
7504260
7504261
7504262
7504263
7504264
7504265
7504266
7504267
7504268
7504269
7504270
7504271
7504272
7504273
7504274
7504275
7504276
7504277
7504278
7504279
7504280
7504281
7504282
7504283
7504284
7504285
7504286
7504287
7504288
7504289
7504290
7504291
7504292
7504293
7504294
7504295
7504296
7504297
7504298
7504299
7504300
7504301
7504302
7504303
7504304
7504305
7504306
7504307
7504308
7504309
7504310
7504311
7504312
7504313
7504314
7504315
7504316
7504317
7504318
7504319
7504320
7504321
7504322
7504323
7504324
7504325
7504326
7504327
7504328
7504329
7504330
7504331
7504332
7504333
7504334
7504335
7504336
7504337
7504338
7504339
7504340
7504341
7504342
7504343
7504344
7504345
7504346
7504347
7504348
7504349
7504350
7504351
7504352
7504353
7504354
7504355
7504356
7504357
7504358
7504359
7504360
7504361
7504362
7504363
7504364
7504365
7504366
7504367
7504368
7504369
7504370
7504371
7504372
7504373
7504374
7504375
7504376
7504377
7504378
7504379
7504380
7504381
7504382
7504383
7504384
7504385
7504386
7504387
7504388
7504389
7504390
7504391
7504392
7504393
7504394
7504395
7504396
7504397
7504398
7504399
7504400
7504401
7504402
7504403
7504404
7504405
7504406
7504407
7504408
7504409
7504410
7504411
7504412
7504413
7504414
7504415
7504416
7504417
7504418
7504419
7504420
7504421
7504422
7504423
7504424
7504425
7504426
7504427
7504428
7504429
7504430
7504431
7504432
7504433
7504434
7504435
7504436
7504437
7504438
7504439
7504440
7504441
7504442
7504443
7504444
7504445
7504446
7504447
7504448
7504449
7504450
7504451
7504452
7504453
7504454
7504455
7504456
7504457
7504458
7504459
7504460
7504461
7504462
7504463
7504464
7504465
7504466
7504467
7504468
7504469
7504470
7504471
7504472
7504473
7504474
7504475
7504476
7504477
7504478
7504479
7504480
7504481
7504482
7504483
7504484
7504485
7504486
7504487
7504488
7504489
7504490
7504491
7504492
7504493
7504494
7504495
7504496
7504497
7504498
7504499
7504500
7504501
7504502
7504503
7504504
7504505
7504506
7504507
7504508
7504509
7504510
7504511
7504512
7504513
7504514
7504515
7504516
7504517
7504518
7504519
7504520
7504521
7504522
7504523
7504524
7504525
7504526
7504527
7504528
7504529
7504530
7504531
7504532
7504533
7504534
7504535
7504536
7504537
7504538
7504539
7504540
7504541
7504542
7504543
7504544
7504545
7504546
7504547
7504548
7504549
7504550
7504551
7504552
7504553
7504554
7504555
7504556
7504557
7504558
7504559
7504560
7504561
7504562
7504563
7504564
7504565
7504566
7504567
7504568
7504569
7504570
7504571
7504572
7504573
7504574
7504575
7504576
7504577
7504578
7504579
7504580
7504581
7504582
7504583
7504584
7504585
7504586
7504587
7504588
7504589
7504590
7504591
7504592
7504593
7504594
7504595
7504596
7504597
7504598
7504599
7504600
7504601
7504602
7504603
7504604
7504605
7504606
7504607
7504608
7504609
7504610
7504611
7504612
7504613
7504614
7504615
7504616
7504617
7504618
7504619
7504620
7504621
7504622
7504623
7504624
7504625
7504626
7504627
7504628
7504629
7504630
7504631
7504632
7504633
7504634
7504635
7504636
7504637
7504638
7504639
7504640
7504641
7504642
7504643
7504644
7504645
7504646
7504647
7504648
7504649
7504650
7504651
7504652
7504653
7504654
7504655
7504656
7504657
7504658
7504659
7504660
7504661
7504662
7504663
7504664
7504665
7504666
7504667
7504668
7504669
7504670
7504671
7504672
7504673
7504674
7504675
7504676
7504677
7504678
7504679
7504680
7504681
7504682
7504683
7504684
7504685
7504686
7504687
7504688
7504689
7504690
7504691
7504692
7504693
7504694
7504695
7504696
7504697
7504698
7504699
7504700
7504701
7504702
7504703
7504704
7504705
7504706
7504707
7504708
7504709
7504710
7504711
7504712
7504713
7504714
7504715
7504716
7504717
7504718
7504719
7504720
7504721
7504722
7504723
7504724
7504725
7504726
7504727
7504728
7504729
7504730
7504731
7504732
7504733
7504734
7504735
7504736
7504737
7504738
7504739
7504740
7504741
7504742
7504743
7504744
7504745
7504746
7504747
7504748
7504749
7504750
7504751
7504752
7504753
7504754
7504755
7504756
7504757
7504758
7504759
7504760
7504761
7504762
7504763
7504764
7504765
7504766
7504767
7504768
7504769
7504770
7504771
7504772
7504773
7504774
7504775
7504776
7504777
7504778
7504779
7504780
7504781
7504782
7504783
7504784
7504785
7504786
7504787
7504788
7504789
7504790
7504791
7504792
7504793
7504794
7504795
7504796
7504797
7504798
7504799
7504800
7504801
7504802
7504803
7504804
7504805
7504806
7504807
7504808
7504811
7504812
7504813
7504814
7504815
7504816
7504817
7504818
7504819
7504820
7504821
7504822
7504823
7504824
7504825
7504826
7508201
7508202
7508203
7508204
7508205
7508206
7508207
7508208
7508209
7508210
7508211
7508212
7508213
7508214
7508215
7508216
7508217
7508218
7508219
7508220
7508221
7508222
7508223
7508224
7508225
7508226
7508227
7508228
7508229
7508230
7508231
7508232
7508233
7508234
7508235
7508236
7508237
7508238
7508239
7508240
7508241
7508242
7508243
7508244
7508245
7508246
7508247
7508248
7508249
7508250
7508251
7508252
7508253
7508254
7508255
7508256
7508257
7508258
7508259
7508260
7508261
7508262
7508263
7508264
7508265
7508266
7508267
7508268
7508269
7508270
7508271
7508272
7508273
7508274
7508275
7508276
7508277
7508278
7508279
7508280
7508281
7508282
7508283
7508284
7508285
7508286
7508287
7508288
7508289
7508290
7508291
7508292
7508293
7508294
7508295
7508296
7508297
7508298
7508299
7508301
7508302
7508303
7508304
7508305
7508306
7508307
7508308
7508309
7508310
7508311
7508312
7508313
7508314
7508315
7508316
7508317
7508318
7508319
7508320
7508321
7508322
7508323
7508324
7508325
7508326
7508327
7508328
7508329
7508330
7508331
7508332
7508333
7508334
7508335
7508336
7508337
7508338
7508339
7508340
7508341
7508342
7508343
7508344
7508345
7508346
7508347
7508348
7508349
7508350
7508351
7508352
7508353
7508354
7508355
7508356
7508357
7508358
7508359
7508360
7508361
7508362
7508363
7508364
7508365
7508366
7508367
7508368
7508369
7508370
7508371
7508372
7508400
7508401
7508402
7508403
7508404
7508405
7508406
7508407
7508408
7508409
7508410
7508411
7508412
7508413
7508414
7508415
7508416
7508417
7508418
7508419
7508420
7508421
7508422
7508423
7508424
7508425
7508426
7508427
7508428
7508429
7508430
7508431
7508432
7508433
7508434
7508435
7508436
7508437
7508438
7508439
7508440
7508441
7508442
7508443
7508444
7598201
7598202
7598203
7598204
7598205
7598206
2504004
2504017
2504158
2504160
2504167
2504213
2504221
2504272
2504344
2504745
2504917
2507259
3306488
4506947
6005438
6005444
6301657
6301982
6309019
6601027
6601029
6601051
6601052
6601247
6601256
6601339
6601343
6601345
6601378
6601974
6602120
6602216
6602217
6602229
6602381
6602426
6602491
6602615
6603314
6603344
6603420
6604387
6604676
6604722
6604728
6604738
6604783
6604817
6605092
6606537
6606539
6609105
