86788744
86785875
86788755
86781335
86788758
86788757
86788055
86788750
86788013
86788748
86788284
86788773
86788774
86788770
86788771
86788777
86788772
86788775
86788776
86781022
86782262
86782261
86782260
86781330
86784786
86782178
86782888
86788036
86780200
86788778
86788284
86781700
86788798
86783353
86783352
86780121
86780110
86780109
86786760
86788105
86783200
86783472
86783473
86788756
86788751
86788749
86788745
86786012
86785970
86780329
86788108
86781721
86781722
86786759
86788746