2503213	9650	21
2503702	9650	21
2503706	9650	21
2503707	9650	21
2503708	9650	21
2503709	9650	21
2503711	9650	21
2503712	9650	21
2503713	9650	21
2503714	9650	21
2503715	9650	21
2503716	9650	21
2503717	9650	21
2503718	9650	21
2503719	9650	21
2503721	9650	21
2503723	9650	21
2503724	9650	21
2503725	9650	21
2503727	9650	21
2503728	9650	21
2503729	9650	21
2503733	9650	21
2503737	9650	21
2503740	9650	21
2503741	9650	21
2503743	9650	21
2503744	9650	21
2503748	9650	21
2503749	9650	21
2503750	9650	21
2503751	9650	21
2503753	9650	21
2503755	9650	21
2503757	9650	21
2503759	9650	21
2503761	9650	21
2503762	9650	21
2503766	9650	21
2503767	9650	21
2504004	9630	230
2504006	6408D+	230
2504149	9630	230
2504152	9650	230
2504160	9650	230
2504200	9650	230
2504202	9608	230
2504207	9650	230
2504208	9650	230
2504215	9650	21
2504216	9650	230
2504220	9650	230
2504267	9650	230
2504269	9650	230
2504311	9650	230
2504319	9650	230
2504326	9650	230
2504328	9650	230
2504336	9650	230
2504343	9650	230
2504418	9650	230
2504745	9650	230
2504814	9650	230
2504912	9650	230
2504957	6408D+	230
2504962	9650	21
2504963	9650	230
2504973	9650	230
2505805	9608	230
2507212	9650	21
2507226	9650	21
2507577	9650	21
2507614	9650	21
2507731	9650	21
2507905	9650	21
2507913	9650	21
2507920	9650	21
2507927	9650	21
2507929	9650	21
2600028	9650	21
3302132	9650	95
6301012	9608	180
6301016	9630	181
6301033	9630	180
6301055	9608	180
6301064	9608	180
6301070	9608	180
6301072	9608	180
6301075	9608	180
6301077	9630	180
6301101	9608	181
6301170	9608	180
6301172	9608	180
6301173	9608	180
6301205	9608	180
6301210	9608	180
6301259	9650	180
6301309	9650	181
6301354	9611	180
6301362	B189	180
6301370	9608	180
6301371	9608	180
6301375	B189	180
6301387	B189	180
6301391	B189	180
6301409	9608	180
6301425	9608	180
6301426	9608	180
6301439	9608	180
6301440	9608	180
6301441	9608	180
6301442	9608	180
6301443	9608	180
6301444	9608	180
6301445	9608	180
6301446	9608	180
6301447	9608	180
6301448	9608	180
6301449	9608	180
6301450	9608	180
6301451	9608	180
6301452	9608	180
6301453	9608	180
6301454	9608	180
6301455	9608	180
6301456	9608	180
6301457	9608	180
6301458	9608	180
6301459	9608	180
6301460	9608	180
6301461	9608	180
6301462	9608	180
6301481	9608	180
6301482	9608	180
6301483	9608	180
6301484	9608	180
6301485	9608	180
6301486	9608	180
6301487	9608	180
6301489	9608	180
6301490	9608	180
6301491	9608	180
6301492	9608	180
6301493	9608	180
6301494	9608	180
6301495	9608	180
6301496	9608	180
6301497	9608	180
6301498	9608	180
6301499	9608	180
6301600	9608	180
6301604	9608	180
6301605	9608	180
6301607	9608	180
6301609	9608	180
6301610	9630	180
6301656	9608	181
6301667	9630	181
6301668	9608	181
6301669	9630	230
6301725	9630	181
6301728	9608	181
6301729	9630	181
6301731	9608	181
6301733	9608	181
6301736	9630	181
6301741	9608	180
6301742	9630	181
6301743	9608	181
6301746	9608	180
6301747	9608	230
6301748	9608	230
6301749	9608	230
6301754	9608	180
6301755	9608	181
6301756	9608	230
6301757	9608	230
6301759	9608	230
6301761	9608	181
6301763	9608	181
6301764	9608	181
6301765	9608	180
6301767	9608	181
6301769	9608	180
6301770	9608	230
6301774	9608	181
6301775	9608	181
6301776	9608	181
6301778	9608	181
6301779	9608	181
6301780	9608	181
6301781	9608	181
6301783	9608	181
6301784	9630	181
6301787	9608	181
6301789	9608	181
6301791	9608	181
6301795	9608	180
6301796	9608	181
6301797	9608	181
6301801	9608	181
6301802	9611	230
6301803	9630	180
6301804	9608	180
6301805	9608	181
6301806	9611	230
6301807	9608	181
6301809	9608	181
6301811	9608	181
6301812	9608	180
6301813	9608	180
6301814	9611	230
6301816	9630	181
6301817	9611	230
6301825	9608	180
6301844	9608	180
6301845	9608	180
6301893	9608	181
6301894	9630	230
6301898	9608	181
6301928	9608	230
6301962	9630	230
6301977	9611	180
6301980	9630	181
6301983	9608	181
6301988	9630	181
6302070	9630	181
6302094	9608	181
6302113	9611	180
6302133	9608	181
6302140	9608	180
6302258	9650	181
6302272	9608	180
6302322	9608	181
6302330	9608	181
6302335	9608	181
6302422	9630	230
6302483	9608	181
6302484	9608	181
6302485	9608	181
6302486	9608	181
6302487	9608	181
6302489	9611	181
6302491	9608	181
6302492	9611	181
6302493	9611	180
6302497	9611	181
6302498	9608	181
6302518	9611	181
6302519	9650	181
6302549	9608	181
6302599	9608	181
6302631	9650	181
6302673	9608	181
6302676	9608	181
6302677	B189	181
6302696	9608	181
6302697	9608	181
6302705	9608	181
6302706	9608	181
6303031	9650	1
6303570	9611	181
6303624	9611	181
6303702	9611	181
6303705	9611	181
6303708	9611	181
6303721	9611	181
6303727	9611	181
6304134	9620	181
6304374	9620	181
6304816	9611	230
6304850	9630	180
6305018	9608	181
6305019	9608	181
6305020	9608	181
6305021	9608	181
6305022	9608	181
6305023	9608	181
6305024	9608	181
6305025	9608	181
6305026	9608	181
6305027	9608	181
6305028	9608	181
6305029	9608	181
6305030	9608	181
6305031	9608	181
6305039	9608	181
6305040	9608	181
6305056	9608	181
6305076	9608	181
6305078	9608	181
6305085	9608	181
6305110	9608	181
6305115	9608	181
6305116	9608	181
6305124	B189	181
6305130	9608	181
6305134	9608	181
6305139	9608	181
6305140	9608	181
6305141	9608	181
6305142	9608	181
6305143	9608	181
6305145	9608	181
6305146	9608	181
6305147	9608	181
6305153	B189	181
6305156	B189	181
6305158	9608	181
6305162	9608	181
6305165	9608	181
6305169	9608	181
6305170	9608	181
6305175	9608	181
6305215	B189	181
6305249	9608	181
6305252	9611	181
6305253	9611	181
6305254	9611	181
6305255	9611	181
6305256	9611	181
6305257	9611	181
6305258	9611	181
6305259	9611	181
6305261	9611	181
6305262	9611	181
6305263	9611	181
6305265	9611	181
6305266	9611	181
6305267	9611	181
6305268	9611	181
6305269	9611	181
6305275	9608	181
6305276	9608	181
6305277	9608	181
6305278	9608	181
6305285	9608	181
6305286	9608	181
6305287	9608	181
6305288	9608	181
6305289	9608	181
6305290	9608	181
6305291	9608	181
6305297	9608	181
6305412	9650	181
6305502	9630	181
6305737	9611	180
6306059	9608	180
6306111	9630	180
6306150	9630	181
6306190	9630	180
6306233	9611	180
6306333	9630	180
6306492	9611	180
6306510	9620	181
6306547	9611	181
6306608	9611	181
6306623	9630	181
6306696	9611	181
6306713	9611	181
6307077	9620	181
6307776	9608	181
6307843	9620	181
6601201	9608	180
6601204	9608	180
6601206	9608	180
6601208	9608	180
6601213	9608	180
6601287	9611	180
6601288	9611	180
6601410	9611	180
6601413	9611	180
6601420	9611	180
6601421	9611	180
6601422	9611	180
6601570	9630	230
6601652	9608	181
6601655	9630	181
6601662	9630	181
6601815	9608	230
6601867	9630	180
6601925	9608	181
6602095	9611	181
6602204	9608	181
6602206	9611	181
6602210	9611	181
6602212	9611	181
6602213	9611	181
6602214	9611	181
6602215	9611	181
6602219	9611	181
6602221	9611	181
6602222	9611	180
6602223	9611	181
6602224	9611	181
6602225	9611	181
6602227	9611	181
6602232	9611	181
6602234	9611	181
6602235	9611	181
6602236	9611	181
6602239	9611	181
6602246	9630	181
6602253	9650	230
6602255	9650	180
6602257	9650	230
6602262	9650	230
6602312	9650	181
6602343	9630	181
6602694	9611	181
6603210	9611	180
6603222	9611	181
6603256	9611	181
6603257	9611	181
6603314	9611	230
6603336	9611	180
6603488	9611	230
6603501	9611	181
6603502	9611	181
6603503	9611	181
6603505	9630	181
6603506	9611	181
6603507	9611	181
6603512	9611	181
6603513	9611	181
6603514	9611	181
6603515	9630	181
6603516	9630	181
6603518	9611	181
6603519	9611	181
6603520	9611	181
6603522	9630	181
6603523	9611	181
6603524	9611	181
6603526	9650	181
6603529	9611	181
6603530	9611	181
6603531	9611	181
6603533	9611	181
6603534	9611	181
6603536	9611	181
6603540	9611	181
6603542	9611	181
6603544	9630	181
6603546	9611	181
6603549	9611	181
6603551	9630	181
6603552	9611	181
6603560	9611	181
6603561	9611	181
6603562	9611	181
6603563	9611	181
6603564	9630	181
6603566	9611	181
6603574	9611	181
6603575	9611	181
6603576	9630	181
6603577	9611	181
6603579	9611	181
6603580	9611	181
6603581	9611	181
6603582	9630	181
6603583	9611	181
6603585	9611	181
6603587	9611	181
6603591	9611	181
6603594	9630	181
6603595	9611	181
6603599	9611	181
6603600	9611	181
6603605	9611	181
6603607	9650	181
6603608	9630	181
6603610	9611	181
6603611	9650	181
6603612	9611	181
6603613	9611	181
6603619	9611	181
6603620	9611	181
6603621	9611	181
6603624	9611	181
6603629	9611	181
6603630	9611	181
6603632	9611	181
6603635	9611	181
6603641	9630	181
6603643	9630	181
6603644	9630	181
6603649	9630	181
6603650	9611	181
6603651	9611	181
6603652	9630	181
6603653	9630	181
6603654	9611	181
6603661	9611	181
6603662	9611	180
6603678	9611	181
6603683	9611	181
6603684	9611	181
6603690	9611	181
6603692	9611	181
6603694	9630	181
6603695	9611	181
6603696	9611	181
6603699	9630	181
6603703	9611	181
6603704	9611	181
6603707	9611	180
6603708	9611	181
6603711	9611	181
6603713	9611	181
6603714	9630	181
6603717	9611	181
6603724	9611	181
6603726	9611	181
6603727	9611	181
6603730	9611	181
6603731	9611	181
6603732	9611	181
6603733	9611	181
6603734	9630	181
6603742	9611	181
6603743	9650	181
6603744	9611	181
6603748	9611	181
6603749	9611	181
6603750	9611	181
6603751	9611	181
6603752	9611	181
6603753	9611	181
6603755	9611	181
6603756	9630	181
6603766	9611	181
6603767	9611	181
6603768	9611	181
6603770	9611	181
6603771	9611	181
6603773	9611	181
6603774	9611	181
6603809	9611	181
6603822	9611	181
6603824	9611	181
6603825	9611	181
6603828	9611	181
6603831	9611	181
6603832	9611	181
6603846	9611	181
6603847	9608	181
6603859	9611	181
6604387	9608	230
6604611	9630	230
6604612	9630	1
6604638	9630	230
6604691	9630	230
6604708	9611	230
6604733	9630	230
6604743	9630	230
6604745	9630	230
6604751	9650	230
6604753	9611	180
6604760	9630	180
6604765	9630	180
6604769	9611	180
6604777	9630	180
6604779	9630	230
6604808	9630	230
6604814	9611	180
6604816	9630	230
6604817	9630	230
6604819	9650	230
6604821	9630	230
6604867	9611	180
6604875	9630	230
6604907	9608	181
6604909	9608	181
6604910	9630	181
6605017	9611	181
6605018	9611	181
6605020	9611	181
6605021	9611	181
6605022	9611	181
6605023	9611	181
6605026	9611	181
6605027	9611	181
6605028	9611	181
6605033	9611	181
6605035	9611	181
6605038	9611	181
6605040	9611	181
6605042	9611	181
6605043	9611	181
6605044	9611	181
6605046	9611	181
6605047	9611	181
6605048	9611	181
6605049	9611	181
6605050	9630	181
6605052	9630	181
6605053	9630	181
6605055	9630	181
6605056	9630	181
6605057	9630	181
6605058	9630	181
6605059	9630	181
6605060	9630	181
6605061	9630	181
6605062	9630	181
6605063	9611	181
6605064	9611	181
6605108	9611	181
6605241	9611	181
6605242	9611	181
6605273	9611	181
6605274	9611	181
6605281	9611	181
6605565	9608	181
6605598	9630	180
6606062	9611	230
6606064	9611	230
6606238	9611	181
6606243	9608	230
6606254	9650	230
6606532	9611	181
6606539	9611	230
6606543	9611	181
6606712	9611	181
6606831	9608	181
7504001	4624	247
7504002	4624	247
7504003	4624	247
7504004	4624	247
7504005	4624	247
7504006	4624	247
7504007	4624	247
7504008	4624	247
7504009	4624	247
7504010	4624	247
7504011	4624	247
7504012	4624	247
7504013	4624	247
7504014	4624	247
7504015	4624	247
7504016	4624	247
7504017	4624	247
7504018	4624	247
7504019	4624	247
7504020	4624	247
7504021	4624	247
7504022	4624	247
7504023	4624	247
7504024	4624	247
7504025	4624	247
7504026	4624	247
7504027	4624	247
7504028	4624	247
7504029	4624	247
7504030	4624	247
7504031	4624	247
7504032	4624	247
7504033	4624	247
7504034	4624	247
7504035	4624	247
7504036	4624	247
7504037	4624	247
7504038	4624	247
7504039	4624	247
7504040	4624	247
7504041	4624	247
7504042	4624	247
7504043	4624	247
7504044	4624	247
7504045	4624	247
7504046	4624	247
7504047	4624	247
7504048	4624	247
7504049	4624	247
7504050	4624	247
7504051	4624	247
7504052	4624	247
7504053	4624	247
7504054	4624	247
7504055	4624	247
7504056	4624	247
7504057	4624	247
7504058	4624	247
7504059	4624	247
7504060	4624	247
7504061	4624	247
7504062	4624	247
7504063	4624	247
7504064	4624	247
7504065	4624	247
7504066	4624	247
7504067	4624	247
7504068	4624	247
7504069	4624	247
7504070	4624	247
7504071	4624	247
7504072	4624	247
7504073	4624	247
7504074	4624	247
7504075	4624	247
7504076	4624	247
7504077	4624	247
7504078	4624	247
7504079	4624	247
7504080	4624	247
7504081	4624	247
7504082	4624	247
7504083	4624	247
7504084	4624	247
7504085	4624	247
7504086	4624	247
7504087	4624	247
7504088	4624	247
7504089	4624	247
7504090	4624	247
7504091	4624	247
7504092	4624	247
7504093	4624	247
7504094	4624	247
7504095	4624	247
7504096	4624	247
7504097	4624	247
7504098	4624	247
7504099	4624	247
7504100	4624	247
7504101	4624	247
7504102	4624	247
7504103	4624	247
7504104	4624	247
7504105	4624	247
7504106	4624	247
7504107	4624	247
7504108	4624	247
7504109	4624	247
7504110	4624	247
7504111	4624	247
7504112	4624	247
7504113	4624	247
7504114	4624	247
7504115	4624	247
7504116	4624	247
7504117	4624	247
7504118	4624	247
7504119	4624	247
7504120	4624	247
7504121	4624	247
7504122	4624	247
7504123	4624	247
7504124	4624	247
7504125	4624	247
7504126	4624	247
7504127	4624	247
7504128	4624	247
7504129	4624	247
7504130	4624	247
7504131	4624	247
7504132	4624	247
7504133	4624	247
7504134	4624	247
7504135	4624	247
7504136	4624	247
7504137	4624	247
7504138	4624	247
7504139	4624	247
7504140	4624	247
7504141	4624	247
7504142	4624	247
7504143	4624	247
7504144	4624	247
7504145	4624	247
7504146	4624	247
7504147	4624	247
7504148	4624	247
7504149	4624	247
7504150	4624	247
7504151	4624	247
7504152	4624	247
7504153	4624	247
7504154	4624	247
7504155	4624	247
7504156	4624	247
7504157	4624	247
7504158	4624	247
7504159	4624	247
7504160	4624	247
7504161	4624	247
7504162	4624	247
7504163	4624	247
7504164	4624	247
7504165	4624	247
7504166	4624	247
7504167	4624	247
7504168	4624	247
7504169	4624	247
7504170	4624	247
7504171	4624	247
7504172	4624	247
7504173	4624	247
7504174	4624	247
7504175	4624	247
7504176	4624	247
7504177	4624	247
7504178	4624	247
7504179	4624	247
7504180	4624	247
7504181	4624	247
7504182	4624	247
7504183	4624	247
7504184	4624	247
7504185	4624	247
7504186	4624	247
7504187	4624	247
7504188	4624	247
7504189	4624	247
7504190	4624	247
7504191	4624	247
7504192	4624	247
7504193	4624	247
7504194	4624	247
7504195	4624	247
7504196	4624	247
7504197	4624	247
7504198	4624	247
7504199	4624	247
7504200	4624	247
7504201	4624	247
7504202	4624	247
7504203	4624	247
7504204	4624	247
7504205	4624	247
7504206	4624	247
7504207	4624	247
7504208	4624	247
7504209	4624	247
7504210	4624	247
7504211	4624	247
7504212	4624	247
7504213	4624	247
7504214	4624	247
7504215	4624	247
7504216	4624	247
7504217	4624	247
7504218	4624	247
7504219	4624	247
7504220	4624	247
7504221	4624	247
7504222	4624	247
7504223	4624	247
7504224	4624	247
7504225	4624	247
7504226	4624	247
7504227	4624	247
7504228	4624	247
7504229	4624	247
7504230	4624	247
7504231	4624	247
7504232	4624	247
7504233	4624	247
7504234	4624	247
7504235	4624	247
7504236	4624	247
7504237	4624	247
7504238	4624	247
7504239	4624	247
7504240	4624	247
7504241	4624	247
7504242	4624	247
7504243	4624	247
7504244	4624	247
7504245	4624	247
7504246	4624	247
7504247	4624	247
7504248	4624	247
7504249	4624	247
7504250	4624	247
7504251	4624	247
7504252	4624	247
7504253	4624	247
7504254	4624	247
7504255	4624	247
7504256	4624	247
7504257	4624	247
7504258	4624	247
7504259	4624	247
7504260	4624	247
7504261	4624	247
7504262	4624	247
7504263	4624	247
7504264	4624	247
7504265	4624	247
7504266	4624	247
7504267	4624	247
7504268	4624	247
7504269	4624	247
7504270	4624	247
7504271	4624	247
7504272	4624	247
7504273	4624	247
7504274	4624	247
7504275	4624	247
7504276	4624	247
7504277	4624	247
7504278	4624	247
7504279	4624	247
7504280	4624	247
7504281	4624	247
7504282	4624	247
7504283	4624	247
7504284	4624	247
7504285	4624	247
7504286	4624	247
7504287	4624	247
7504288	4624	247
7504289	4624	247
7504290	4624	247
7504291	4624	247
7504292	4624	247
7504293	4624	247
7504294	4624	247
7504295	4624	247
7504296	4624	247
7504297	4624	247
7504298	4624	247
7504299	4624	247
7504300	4624	247
7504301	4624	247
7504302	4624	247
7504303	4624	247
7504304	4624	247
7504305	4624	247
7504306	4624	247
7504307	4624	247
7504308	4624	247
7504309	4624	247
7504310	4624	247
7504311	4624	247
7504312	4624	247
7504313	4624	247
7504314	4624	247
7504315	4624	247
7504316	4624	247
7504317	4624	247
7504318	4624	247
7504319	4624	247
7504320	4624	247
7504321	4624	247
7504322	4624	247
7504323	4624	247
7504324	4624	247
7504325	4624	247
7504326	4624	247
7504327	4624	247
7504328	4624	247
7504329	4624	247
7504330	4624	247
7504331	4624	247
7504332	4624	247
7504333	4624	247
7504334	4624	247
7504335	4624	247
7504336	4624	247
7504337	4624	247
7504338	4624	247
7504339	4624	247
7504340	4624	247
7504341	4624	247
7504342	4624	247
7504343	4624	247
7504344	4624	247
7504345	4624	247
7504346	4624	247
7504347	4624	247
7504348	4624	247
7504349	4624	247
7504350	4624	247
7504351	4624	247
7504352	4624	247
7504353	4624	247
7504354	4624	247
7504355	4624	247
7504356	4624	247
7504357	4624	247
7504358	4624	247
7504359	4624	247
7504360	4624	247
7504361	4624	247
7504362	4624	247
7504363	4624	247
7504364	4624	247
7504365	4624	247
7504366	4624	247
7504367	4624	247
7504368	4624	247
7504369	4624	247
7504370	4624	247
7504371	4624	247
7504372	4624	247
7504373	4624	247
7504374	4624	247
7504375	4624	247
7504376	4624	247
7504377	4624	247
7504378	4624	247
7504379	4624	247
7504380	4624	247
7504381	4624	247
7504382	4624	247
7504383	4624	247
7504384	4624	247
7504385	4624	247
7504386	4624	247
7504387	4624	247
7504388	4624	247
7504389	4624	247
7504390	4624	247
7504391	4624	247
7504392	4624	247
7504393	4624	247
7504394	4624	247
7504395	4624	247
7504396	4624	247
7504397	4624	247
7504398	4624	247
7504399	4624	247
7504400	4624	247
7504401	4624	247
7504402	4624	247
7504403	4624	247
7504404	4624	247
7504405	4624	247
7504406	4624	247
7504407	4624	247
7504408	4624	247
7504409	4624	247
7504410	4624	247
7504411	4624	247
7504412	4624	247
7504413	4624	247
7504414	4624	247
7504415	4624	247
7504416	4624	247
7504417	4624	247
7504418	4624	247
7504419	4624	247
7504420	4624	247
7504421	4624	247
7504422	4624	247
7504423	4624	247
7504424	4624	247
7504425	4624	247
7504426	4624	247
7504427	4624	247
7504428	4624	247
7504429	4624	247
7504430	4624	247
7504431	4624	247
7504432	4624	247
7504433	4624	247
7504434	4624	247
7504435	4624	247
7504436	4624	247
7504437	4624	247
7504438	4624	247
7504439	4624	247
7504440	4624	247
7504441	4624	247
7504442	4624	247
7504443	4624	247
7504444	4624	247
7504445	4624	247
7504446	4624	247
7504447	4624	247
7504448	4624	247
7504449	4624	247
7504450	4624	247
7504451	4624	247
7504452	4624	247
7504453	4624	247
7504454	4624	247
7504455	4624	247
7504456	4624	247
7504457	4624	247
7504458	4624	247
7504459	4624	247
7504460	4624	247
7504461	4624	247
7504462	4624	247
7504463	4624	247
7504464	4624	247
7504465	4624	247
7504466	4624	247
7504467	4624	247
7504468	4624	247
7504469	4624	247
7504470	4624	247
7504471	4624	247
7504472	4624	247
7504473	4624	247
7504474	4624	247
7504475	4624	247
7504476	4624	247
7504477	4624	247
7504478	4624	247
7504479	4624	247
7504480	4624	247
7504481	4624	247
7504482	4624	247
7504483	4624	247
7504484	4624	247
7504485	4624	247
7504486	4624	247
7504487	4624	247
7504488	4624	247
7504489	4624	247
7504490	4624	247
7504491	4624	247
7504492	4624	247
7504493	4624	247
7504494	4624	247
7504495	4624	247
7504496	4624	247
7504497	4624	247
7504498	4624	247
7504499	4624	247
7504500	4624	247
7504501	4624	247
7504502	4624	247
7504503	4624	247
7504504	4624	247
7504505	4624	247
7504506	4624	247
7504507	4624	247
7504508	4624	247
7504509	4624	247
7504510	4624	247
7504511	4624	247
7504512	4624	247
7504513	4624	247
7504514	4624	247
7504515	4624	247
7504516	4624	247
7504517	4624	247
7504518	4624	247
7504519	4624	247
7504520	4624	247
7504521	4624	247
7504522	4624	247
7504523	4624	247
7504524	4624	247
7504525	4624	247
7504526	4624	247
7504527	4624	247
7504528	4624	247
7504529	4624	247
7504530	4624	247
7504531	4624	247
7504532	4624	247
7504533	4624	247
7504534	4624	247
7504535	4624	247
7504536	4624	247
7504537	4624	247
7504538	4624	247
7504539	4624	247
7504540	4624	247
7504541	4624	247
7504542	4624	247
7504543	4624	247
7504544	4624	247
7504545	4624	247
7504546	4624	247
7504547	4624	247
7504548	4624	247
7504549	4624	247
7504550	4624	247
7504551	4624	247
7504552	4624	247
7504553	4624	247
7504554	4624	247
7504555	4624	247
7504556	4624	247
7504557	4624	247
7504558	4624	247
7504559	4624	247
7504560	4624	247
7504561	4624	247
7504562	4624	247
7504563	4624	247
7504564	4624	247
7504565	4624	247
7504566	4624	247
7504567	4624	247
7504568	4624	247
7504569	4624	247
7504570	4624	247
7504571	4624	247
7504572	4624	247
7504573	4624	247
7504574	4624	247
7504575	4624	247
7504576	4624	247
7504577	4624	247
7504578	4624	247
7504579	4624	247
7504580	4624	247
7504581	4624	247
7504582	4624	247
7504583	4624	247
7504584	4624	247
7504585	4624	247
7504586	4624	247
7504587	4624	247
7504588	4624	247
7504589	4624	247
7504590	4624	247
7504591	4624	247
7504592	4624	247
7504593	4624	247
7504594	4624	247
7504595	4624	247
7504596	4624	247
7504597	4624	247
7504598	4624	247
7504599	4624	247
7504600	4624	247
7504601	4624	247
7504602	4624	247
7504603	4624	247
7504604	4624	247
7504605	4624	247
7504606	4624	247
7504607	4624	247
7504608	4624	247
7504609	4624	247
7504610	4624	247
7504611	4624	247
7504612	4624	247
7504613	4624	247
7504614	4624	247
7504615	4624	247
7504616	4624	247
7504617	4624	247
7504618	4624	247
7504619	4624	247
7504620	4624	247
7504621	4624	247
7504622	4624	247
7504623	4624	247
7504624	4624	247
7504625	4624	247
7504626	4624	247
7504627	4624	247
7504628	4624	247
7504629	4624	247
7504630	4624	247
7504631	4624	247
7504632	4624	247
7504633	4624	247
7504634	4624	247
7504635	4624	247
7504636	4624	247
7504637	4624	247
7504638	4624	247
7504639	4624	247
7504640	4624	247
7504641	4624	247
7504642	4624	247
7504643	4624	247
7504644	4624	247
7504645	4624	247
7504646	4624	247
7504647	4624	247
7504648	4624	247
7504649	4624	247
7504650	4624	247
7504651	4624	247
7504652	4624	247
7504653	4624	247
7504654	4624	247
7504655	4624	247
7504656	4624	247
7504657	4624	247
7504658	4624	247
7504659	4624	247
7504660	4624	247
7504661	4624	247
7504662	4624	247
7504663	4624	247
7504664	4624	247
7504665	4624	247
7504666	4624	247
7504667	4624	247
7504668	4624	247
7504669	4624	247
7504670	4624	247
7504671	4624	247
7504672	4624	247
7504673	4624	247
7504674	4624	247
7504675	4624	247
7504676	4624	247
7504677	4624	247
7504678	4624	247
7504679	4624	247
7504680	4624	247
7504681	4624	247
7504682	4624	247
7504683	4624	247
7504684	4624	247
7504685	4624	247
7504686	4624	247
7504687	4624	247
7504688	4624	247
7504689	4624	247
7504690	4624	247
7504691	4624	247
7504692	4624	247
7504693	4624	247
7504694	4624	247
7504695	4624	247
7504696	4624	247
7504697	4624	247
7504698	4624	247
7504699	4624	247
7504700	4624	247
7504701	4624	247
7504702	4624	247
7504703	4624	247
7504704	4624	247
7504705	4624	247
7504706	4624	247
7504707	4624	247
7504708	4624	247
7504709	4624	247
7504710	4624	247
7504711	4624	247
7504712	4624	247
7504713	4624	247
7504714	4624	247
7504715	4624	247
7504716	4624	247
7504717	4624	247
7504718	4624	247
7504719	4624	247
7504720	4624	247
7504721	4624	247
7504722	4624	247
7504723	4624	247
7504724	4624	247
7504725	4624	247
7504726	4624	247
7504727	4624	247
7504728	4624	247
7504729	4624	247
7504730	4624	247
7504731	4624	247
7504732	4624	247
7504733	4624	247
7504734	4624	247
7504735	4624	247
7504736	4624	247
7504737	4624	247
7504738	4624	247
7504739	4624	247
7504740	4624	247
7504741	4624	247
7504742	4624	247
7504743	4624	247
7504744	4624	247
7504745	4624	247
7504746	4624	247
7504747	4624	247
7504748	4624	247
7504749	4624	247
7504750	4624	247
7504751	4624	247
7504752	4624	247
7504753	4624	247
7504754	4624	247
7504755	4624	247
7504756	4624	247
7504757	4624	247
7504758	4624	247
7504759	4624	247
7504760	4624	247
7504761	4624	247
7504762	4624	247
7504763	4624	247
7504764	4624	247
7504765	4624	247
7504766	4624	247
7504767	4624	247
7504768	4624	247
7504769	4624	247
7504770	4624	247
7504771	4624	247
7504772	4624	247
7504773	4624	247
7504774	4624	247
7504775	4624	247
7504776	4624	247
7504777	4624	247
7504778	4624	247
7504779	4624	247
7504780	4624	247
7504781	4624	247
7504782	4624	247
7504783	4624	247
7504784	4624	247
7504785	4624	247
7504786	4624	247
7504787	4624	247
7504788	4624	247
7504789	4624	247
7504790	4624	247
7504791	4624	247
7504792	4624	247
7504793	4624	247
7504794	4624	247
7504795	4624	247
7504796	4624	247
7504797	4624	247
7504798	4624	247
7504799	4624	247
7504800	4624	247
7504801	4624	247
7504802	4624	247
7504803	4624	247
7504804	4624	247
7504805	4624	247
7504806	4624	247
7504807	4624	247
7504808	4624	247
7504811	4624	247
7504812	4624	247
7504813	4624	247
7504814	4624	247
7504815	4624	247
7504816	4624	247
7504817	4624	247
7504818	4624	247
7504819	4624	247
7504820	4624	247
7504821	4624	247
7504822	4624	247
7504823	4624	247
7504824	4624	247
7504825	4624	247
7504826	4624	247
7508201	7434ND	246
7508202	7434ND	246
7508203	7434ND	246
7508204	7434ND	246
7508205	7434ND	246
7508206	7434ND	246
7508207	7434ND	246
7508208	7434ND	246
7508209	7434ND	246
7508210	7434ND	246
7508211	7434ND	246
7508212	7434ND	246
7508213	7434ND	246
7508214	7434ND	246
7508215	7434ND	246
7508216	7434ND	246
7508217	7434ND	246
7508218	7434ND	246
7508219	7434ND	246
7508220	7434ND	246
7508221	7434ND	246
7508222	7434ND	246
7508223	7434ND	246
7508224	7434ND	246
7508225	7434ND	246
7508226	7434ND	246
7508227	7434ND	246
7508228	7434ND	246
7508229	7434ND	246
7508230	7434ND	246
7508231	7434ND	246
7508232	7434ND	246
7508233	7434ND	246
7508234	7434ND	246
7508235	7434ND	246
7508236	7434ND	246
7508237	7434ND	246
7508238	7434ND	246
7508239	7434ND	246
7508240	7434ND	246
7508241	7434ND	246
7508242	7434ND	246
7508243	7434ND	246
7508244	7434ND	246
7508245	7434ND	246
7508246	7434ND	246
7508247	7434ND	246
7508248	7434ND	246
7508249	7434ND	246
7508250	7434ND	246
7508251	7434ND	246
7508252	7434ND	246
7508253	7434ND	246
7508254	7434ND	246
7508255	7434ND	246
7508256	7434ND	246
7508257	7434ND	246
7508258	7434ND	246
7508259	7434ND	246
7508260	7434ND	246
7508261	7434ND	246
7508262	7434ND	246
7508263	7434ND	246
7508264	7434ND	246
7508265	7434ND	246
7508266	7434ND	246
7508267	7434ND	246
7508268	7434ND	246
7508269	7434ND	246
7508270	7434ND	246
7508271	7434ND	246
7508272	7434ND	246
7508273	7434ND	246
7508274	7434ND	246
7508275	7434ND	246
7508276	7434ND	246
7508277	7434ND	246
7508278	7434ND	246
7508279	7434ND	246
7508280	7434ND	246
7508281	7434ND	246
7508282	7434ND	246
7508283	7434ND	246
7508284	7434ND	246
7508285	7434ND	246
7508286	7434ND	246
7508287	7434ND	246
7508288	7434ND	246
7508289	7434ND	246
7508290	7434ND	246
7508291	7434ND	246
7508292	7434ND	246
7508293	7434ND	246
7508294	7434ND	246
7508295	7434ND	246
7508296	7434ND	246
7508297	7434ND	246
7508298	7434ND	246
7508299	7434ND	246
7508301	7434ND	246
7508302	7434ND	246
7508303	7434ND	246
7508304	7434ND	246
7508305	7434ND	246
7508306	7434ND	246
7508307	7434ND	246
7508308	7434ND	246
7508309	7434ND	246
7508310	7434ND	246
7508311	7434ND	246
7508312	7434ND	246
7508313	7434ND	246
7508314	7434ND	246
7508315	7434ND	246
7508316	7434ND	246
7508317	7434ND	246
7508318	7434ND	246
7508319	7434ND	246
7508320	7434ND	246
7508321	7434ND	246
7508322	7434ND	246
7508323	7434ND	246
7508324	7434ND	246
7508325	7434ND	246
7508326	7434ND	246
7508327	7434ND	246
7508328	7434ND	246
7508329	7434ND	246
7508330	7434ND	246
7508331	7434ND	246
7508332	7434ND	246
7508333	7434ND	246
7508334	7434ND	246
7508335	7434ND	246
7508336	7434ND	246
7508337	7434ND	246
7508338	7434ND	246
7508340	7434ND	246
7508341	7434ND	246
7508342	7434ND	246
7508343	7434ND	246
7508344	7434ND	246
7508345	7434ND	246
7508346	7434ND	246
7508348	7434ND	246
7508349	7434ND	246
7508350	7434ND	246
7508351	7434ND	246
7508352	7434ND	246
7508353	7434ND	246
7508354	7434ND	246
7508355	7434ND	246
7508356	7434ND	246
7508357	7434ND	246
7508358	7434ND	246
7508359	7434ND	246
7508360	7434ND	246
7508361	7434ND	246
7508362	7434ND	246
7508363	7434ND	246
7508364	7434ND	246
7508365	7434ND	246
7508366	7434ND	246
7508367	7434ND	246
7508368	7434ND	246
7508369	7434ND	246
7508370	7434ND	246
7508371	7434ND	246
7508372	7434ND	246
7508400	7434ND	246
7508401	7434ND	246
7508402	7434ND	246
7508403	7434ND	246
7508404	7434ND	246
7508405	7434ND	246
7508406	7434ND	246
7508407	7434ND	246
7508408	7434ND	246
7508409	7434ND	246
7508410	7434ND	246
7508411	7434ND	246
7508412	7434ND	246
7508413	7434ND	246
7508414	7434ND	246
7508415	7434ND	246
7508416	7434ND	246
7508417	7434ND	246
7508418	7434ND	246
7508419	7434ND	246
7508420	7434ND	246
7508421	7434ND	246
7508422	7434ND	246
7508423	7434ND	246
7508424	7434ND	246
7508425	7434ND	246
7508426	7434ND	246
7508427	7434ND	246
7508428	7434ND	246
7508429	7434ND	246
7508430	7434ND	246
7508431	7434ND	246
7508432	7434ND	246
7508433	7434ND	246
7508434	7434ND	246
7508435	7434ND	246
7508436	7434ND	246
7508437	7434ND	246
7508438	7434ND	246
7508439	7434ND	246
7508440	7434ND	246
7508441	7434ND	246
7508442	7434ND	246
7508443	7434ND	246
7508444	7434ND	246
7598201	7434ND	240
7598202	7434ND	240
7598203	7434ND	240
7598204	7434ND	240
7598205	7434ND	240
7598206	7434ND	240
