2507091
2507092
2507094
2507096
2507138
3301750
3302039
3302046
3302333
3303247
3303262
3304901
3305875
3306028
3305807
2507095
2507387
3302792
3302793
3302794
3302797
3302798
6301170
6301172
6301370
2507197
2507211
3302951
3302037
3302154
3302852
3302970
3304452
3304568
3304813
3305190
3305737
6301356
6301358
6301362
6301375
6301387
6301391
6302677
6304924
6305124
6305153
6305156
6305215
2507407
2507093
2507263
3302335
3302817
3302823
3303604
3303898
3304180
3304540
3304954
3304986
3305173
3305939