2503410
6001818
6001839
6005111
6007286
6009314
6009316
6009317
6009329
6009348
6009350
6009351
6009352
6009367
6009370
6009372
6009377
6009381
6009411
6009412
6009414
6009416
6009417
6009427
6009428
6009429
6009430
6009458
6009459
6009460
6009461
6009462
6009463
6009467
6009470
6009472
6009473
6009474
6009477
6009492
6009493
6009959
6009963
6009964
6009973
6605014
6609352
6609403
6609408
6609409
6609410
6609411
6609412
6609415
6609416
6609417
6609428
6609462
6609467
6609470
6609477
6001851
6001855
6001856
6007290
6009353
6009354
6009355
6009398
6009495
6009496
6009497
6009498
6306110
6001857
6004850
6005787
6007296
6009313
6009315
6009366
6009369
6009376
6009413
6009415
6009455
6009456
6009464
6009465
6009466
6009469
6009476
6009485
6009486
6009487
6009491
6009985
6009986
2507798
2507989
6007293
6303162
6306020